State 1:

10 moves:
Path: [1, 2, 1, 3, 1, 1, 3, 1, 3, 5, 3]
Time percentages: 
[0.45454545454545453, 0.09090909090909091, 0.36363636363636365, 0.0, 0.09090909090909091, 0.0]


50 moves:
Path: [1, 2, 3, 1, 3, 5, 1, 1, 2, 2, 2, 3, 2, 3, 5, 3, 1, 1, 2, 1, 1, 1, 1, 3, 1, 3, 1, 3, 1, 5, 5, 5, 2, 3, 1, 3, 1, 1, 2, 3, 5, 1, 2, 5, 5, 2, 3, 1, 5, 2, 2]
Time percentages: 
[0.35294117647058826, 0.23529411764705882, 0.23529411764705882, 0.0, 0.17647058823529413, 0.0]


100 moves:
Path: [1, 2, 2, 3, 1, 2, 3, 2, 2, 2, 3, 3, 5, 3, 1, 2, 3, 1, 3, 1, 2, 2, 3, 1, 5, 1, 1, 2, 3, 1, 5, 1, 2, 3, 1, 5, 1, 1, 3, 3, 3, 1, 1, 3, 5, 1, 3, 1, 1, 3, 5, 5, 1, 2, 5, 1, 2, 5, 3, 1, 2, 1, 2, 5, 5, 2, 3, 1, 2, 2, 3, 1, 2, 2, 3, 5, 1, 2, 2, 1, 3, 5, 2, 3, 2, 3, 1, 1, 3, 3, 2, 3, 3, 5, 5, 1, 5, 1, 5, 3, 5]
Time percentages: 
[0.297029702970297, 0.24752475247524752, 0.27722772277227725, 0.0, 0.1782178217821782, 0.0]


1000 moves:
Path: [1, 5, 5, 2, 2, 3, 2, 3, 3, 1, 3, 5, 5, 3, 5, 3, 1, 2, 3, 1, 2, 3, 1, 3, 1, 1, 3, 1, 5, 2, 2, 3, 1, 5, 1, 2, 3, 3, 1, 3, 1, 5, 2, 5, 5, 3, 1, 2, 5, 1, 3, 1, 2, 3, 5, 2, 3, 1, 2, 5, 5, 1, 1, 2, 1, 2, 2, 3, 5, 5, 3, 1, 1, 5, 2, 3, 1, 1, 1, 1, 5, 3, 1, 2, 5, 1, 2, 3, 1, 2, 5, 2, 2, 5, 1, 2, 3, 1, 2, 2, 5, 2, 1, 1, 5, 5, 5, 5, 1, 2, 3, 1, 2, 1, 2, 2, 2, 3, 5, 1, 1, 2, 1, 2, 2, 2, 2, 1, 5, 1, 2, 2, 3, 1, 5, 2, 5, 2, 1, 3, 3, 1, 2, 2, 2, 3, 5, 1, 2, 2, 5, 3, 2, 5, 5, 5, 2, 3, 1, 2, 3, 5, 3, 1, 1, 3, 2, 5, 3, 5, 1, 3, 5, 2, 3, 5, 2, 3, 5, 1, 2, 3, 5, 2, 3, 3, 1, 2, 1, 5, 3, 3, 3, 5, 1, 1, 1, 1, 2, 5, 5, 2, 5, 5, 2, 3, 5, 1, 5, 1, 5, 1, 3, 3, 3, 1, 2, 3, 1, 2, 3, 2, 3, 1, 3, 3, 5, 1, 1, 2, 2, 3, 1, 2, 3, 1, 2, 3, 5, 1, 2, 1, 3, 3, 5, 2, 2, 3, 5, 3, 2, 1, 2, 2, 2, 2, 5, 2, 2, 5, 1, 5, 3, 3, 1, 2, 2, 2, 3, 3, 3, 1, 1, 2, 3, 1, 5, 3, 1, 1, 2, 3, 1, 1, 3, 1, 2, 2, 3, 3, 2, 2, 3, 3, 5, 2, 3, 1, 1, 1, 5, 5, 2, 2, 5, 1, 3, 1, 2, 3, 5, 2, 5, 5, 1, 2, 3, 1, 1, 1, 5, 3, 1, 5, 2, 2, 2, 5, 3, 5, 5, 2, 3, 5, 3, 1, 2, 3, 1, 2, 2, 1, 5, 1, 5, 1, 3, 5, 1, 2, 5, 3, 1, 2, 1, 1, 2, 3, 3, 1, 3, 5, 3, 1, 3, 1, 5, 1, 2, 2, 3, 1, 2, 2, 2, 5, 1, 1, 2, 3, 5, 5, 1, 1, 2, 5, 5, 2, 3, 1, 1, 3, 1, 2, 2, 3, 3, 1, 2, 3, 1, 1, 5, 5, 5, 1, 2, 3, 1, 5, 2, 5, 2, 5, 1, 2, 3, 1, 3, 1, 5, 2, 3, 1, 1, 2, 1, 3, 5, 1, 3, 5, 5, 2, 5, 2, 2, 3, 5, 5, 3, 1, 2, 3, 3, 1, 2, 3, 1, 5, 1, 5, 5, 1, 1, 3, 5, 5, 1, 3, 3, 1, 5, 3, 5, 5, 3, 5, 5, 1, 1, 2, 5, 2, 3, 1, 2, 2, 2, 3, 5, 1, 3, 1, 3, 1, 3, 1, 1, 3, 3, 5, 3, 1, 2, 1, 5, 5, 2, 2, 2, 5, 2, 1, 5, 2, 2, 1, 3, 1, 5, 1, 2, 3, 3, 1, 1, 3, 5, 5, 3, 5, 5, 2, 3, 1, 5, 5, 3, 1, 1, 2, 5, 5, 3, 5, 1, 2, 2, 3, 1, 1, 2, 3, 1, 2, 2, 2, 2, 2, 1, 1, 5, 5, 5, 3, 1, 5, 2, 1, 2, 2, 3, 5, 1, 1, 2, 3, 5, 2, 3, 3, 1, 1, 1, 1, 3, 5, 2, 5, 2, 2, 2, 3, 1, 2, 3, 3, 1, 3, 1, 5, 3, 1, 5, 3, 3, 5, 3, 1, 5, 5, 3, 1, 5, 1, 1, 1, 5, 3, 1, 2, 1, 2, 3, 1, 2, 3, 1, 1, 2, 3, 1, 2, 3, 1, 1, 5, 3, 1, 2, 3, 1, 2, 1, 1, 2, 3, 5, 1, 2, 2, 5, 3, 1, 5, 2, 5, 3, 1, 3, 3, 1, 5, 1, 3, 1, 2, 2, 1, 2, 1, 5, 1, 2, 2, 3, 1, 1, 2, 2, 2, 5, 2, 2, 5, 2, 3, 1, 1, 1, 2, 2, 5, 1, 2, 3, 5, 1, 1, 5, 1, 5, 1, 5, 3, 1, 5, 1, 1, 3, 2, 2, 2, 3, 5, 3, 1, 2, 1, 2, 5, 1, 1, 3, 2, 3, 1, 3, 3, 5, 1, 2, 3, 1, 2, 1, 5, 3, 1, 5, 1, 1, 1, 2, 3, 3, 5, 3, 3, 1, 2, 3, 1, 3, 5, 1, 5, 2, 2, 3, 2, 3, 3, 1, 1, 5, 3, 1, 5, 1, 2, 5, 3, 5, 5, 3, 1, 2, 3, 1, 1, 3, 1, 3, 1, 1, 3, 2, 3, 1, 5, 1, 1, 1, 1, 2, 5, 3, 1, 5, 1, 1, 2, 5, 2, 3, 1, 3, 5, 2, 1, 5, 1, 3, 3, 1, 5, 2, 3, 2, 3, 1, 2, 2, 2, 5, 2, 3, 1, 1, 3, 1, 3, 1, 2, 2, 2, 3, 1, 5, 2, 2, 3, 2, 3, 1, 3, 1, 3, 5, 2, 5, 3, 5, 3, 2, 3, 1, 5, 5, 5, 5, 1, 5, 5, 1, 3, 1, 2, 2, 2, 5, 1, 1, 1, 2, 5, 5, 2, 2, 2, 3, 5, 3, 1, 2, 5, 2, 3, 1, 2, 2, 3, 1, 2, 5, 3, 1, 1, 2, 3, 1, 1, 2, 1, 2, 1, 1, 1, 2, 2, 5, 3, 1, 5, 3, 1, 2, 1, 2, 3, 5, 2, 3, 2, 2, 2, 3, 3, 1, 1, 2, 5, 5, 1, 2, 3, 3, 5, 1, 5, 3, 1, 5, 2, 3, 1, 2, 3, 1, 1, 5, 2, 5, 2, 2, 3, 1, 3, 2, 1, 2, 2, 3, 5, 1, 5, 2, 5, 2, 1, 1, 1, 2, 5, 2, 3, 5, 3, 1, 3, 5, 2, 3, 1, 1, 5, 1, 1, 5, 2, 3, 1, 2, 2, 5, 2, 3, 5, 2, 3, 1, 3, 5, 1, 5, 5, 1, 5, 3]
Time percentages: 
[0.2937062937062937, 0.25574425574425574, 0.23676323676323677, 0.0, 0.2137862137862138, 0.0]


State 2:

10 moves:
Path: [2, 3, 5, 5, 1, 2, 5, 1, 2, 3, 1]
Time percentages: 
[0.2727272727272727, 0.2727272727272727, 0.18181818181818182, 0.0, 0.2727272727272727, 0.0]


50 moves:
Path: [2, 5, 2, 2, 1, 5, 2, 5, 3, 1, 1, 3, 3, 1, 1, 3, 1, 2, 2, 3, 5, 3, 1, 2, 2, 5, 2, 3, 5, 2, 2, 2, 2, 2, 3, 1, 1, 5, 2, 2, 3, 1, 1, 3, 1, 3, 1, 1, 5, 2, 2]
Time percentages: 
[0.27450980392156865, 0.35294117647058826, 0.21568627450980393, 0.0, 0.1568627450980392, 0.0]


100 moves:
Path: [2, 3, 1, 1, 5, 5, 5, 2, 2, 1, 5, 1, 1, 2, 3, 5, 3, 1, 1, 2, 5, 5, 3, 3, 1, 2, 5, 3, 5, 1, 2, 3, 1, 2, 3, 3, 3, 1, 2, 2, 3, 1, 5, 3, 1, 5, 3, 2, 2, 2, 5, 1, 2, 5, 2, 3, 5, 3, 2, 2, 3, 1, 5, 5, 5, 1, 5, 2, 5, 2, 2, 3, 1, 5, 3, 3, 2, 5, 1, 2, 3, 5, 1, 1, 5, 1, 5, 2, 5, 1, 5, 2, 5, 5, 1, 2, 5, 1, 1, 2, 2]
Time percentages: 
[0.24752475247524752, 0.26732673267326734, 0.19801980198019803, 0.0, 0.2871287128712871, 0.0]


1000 moves:
Path: [2, 3, 5, 2, 3, 1, 2, 3, 5, 5, 5, 1, 5, 1, 3, 1, 2, 3, 5, 5, 1, 3, 1, 5, 2, 3, 1, 2, 3, 5, 2, 2, 1, 2, 5, 1, 2, 2, 2, 2, 3, 1, 2, 5, 2, 2, 3, 1, 5, 1, 3, 1, 1, 3, 5, 5, 2, 5, 3, 1, 3, 1, 2, 3, 1, 5, 2, 3, 1, 5, 3, 1, 2, 2, 3, 2, 2, 2, 2, 2, 3, 1, 2, 5, 1, 5, 3, 1, 2, 3, 1, 2, 3, 1, 5, 5, 5, 3, 1, 2, 2, 1, 1, 2, 3, 1, 3, 1, 1, 2, 3, 1, 5, 2, 5, 3, 1, 2, 5, 2, 5, 2, 5, 3, 1, 2, 1, 5, 1, 1, 3, 1, 2, 1, 3, 1, 2, 2, 5, 2, 3, 1, 2, 3, 1, 1, 3, 1, 3, 1, 1, 2, 3, 1, 3, 1, 2, 3, 1, 3, 3, 3, 1, 3, 3, 3, 5, 3, 2, 5, 1, 2, 2, 2, 3, 5, 1, 1, 1, 2, 2, 5, 2, 2, 3, 1, 2, 2, 5, 5, 1, 1, 3, 1, 2, 2, 3, 5, 5, 2, 3, 5, 3, 1, 2, 3, 1, 3, 1, 2, 1, 1, 2, 2, 3, 2, 3, 1, 5, 1, 3, 1, 5, 3, 1, 1, 5, 3, 5, 5, 2, 2, 2, 3, 1, 1, 2, 3, 1, 1, 3, 3, 1, 3, 1, 5, 2, 3, 1, 2, 2, 2, 3, 2, 3, 5, 1, 3, 5, 3, 1, 3, 5, 2, 2, 3, 2, 3, 1, 5, 1, 1, 3, 1, 3, 1, 2, 5, 1, 3, 1, 5, 2, 3, 1, 2, 2, 3, 1, 5, 3, 1, 2, 2, 5, 1, 5, 3, 1, 5, 1, 3, 5, 2, 2, 3, 1, 2, 1, 5, 2, 3, 5, 3, 5, 2, 5, 1, 3, 1, 3, 1, 5, 1, 2, 2, 5, 3, 2, 1, 3, 1, 2, 2, 3, 3, 1, 3, 1, 2, 1, 5, 2, 3, 1, 2, 3, 1, 3, 1, 2, 3, 1, 3, 1, 3, 5, 3, 3, 1, 2, 3, 1, 3, 1, 5, 2, 2, 2, 1, 1, 5, 2, 5, 2, 3, 1, 5, 3, 5, 1, 2, 3, 1, 1, 2, 5, 2, 2, 1, 2, 5, 2, 3, 1, 1, 2, 1, 3, 1, 2, 3, 5, 2, 3, 5, 1, 2, 3, 1, 5, 2, 5, 3, 1, 5, 3, 1, 2, 1, 1, 1, 1, 2, 3, 1, 1, 1, 1, 2, 5, 5, 2, 1, 2, 2, 3, 3, 1, 3, 3, 1, 3, 2, 3, 1, 3, 1, 1, 3, 1, 2, 3, 5, 2, 3, 1, 2, 2, 3, 1, 1, 5, 1, 1, 2, 3, 1, 2, 3, 1, 2, 2, 2, 2, 3, 1, 1, 2, 3, 1, 1, 2, 2, 3, 1, 3, 1, 2, 1, 2, 2, 2, 5, 1, 2, 2, 5, 5, 3, 1, 3, 1, 3, 1, 5, 2, 3, 1, 5, 2, 3, 1, 1, 3, 3, 1, 1, 3, 5, 2, 5, 1, 2, 3, 1, 2, 2, 3, 1, 2, 2, 2, 3, 1, 5, 5, 1, 3, 1, 2, 3, 1, 5, 2, 1, 5, 1, 2, 1, 3, 1, 2, 3, 1, 2, 3, 1, 2, 5, 1, 5, 2, 3, 1, 3, 1, 1, 3, 2, 2, 2, 3, 1, 2, 2, 3, 1, 1, 1, 3, 5, 3, 2, 3, 1, 1, 2, 3, 3, 3, 1, 3, 1, 5, 1, 2, 2, 2, 3, 1, 1, 2, 5, 1, 5, 1, 3, 1, 3, 5, 1, 1, 5, 2, 2, 2, 3, 1, 1, 2, 5, 3, 1, 2, 3, 1, 2, 5, 5, 1, 3, 1, 5, 1, 2, 2, 5, 5, 2, 5, 3, 1, 2, 3, 1, 1, 1, 2, 5, 3, 1, 2, 3, 1, 5, 2, 5, 5, 3, 1, 5, 2, 2, 2, 3, 5, 5, 2, 3, 5, 2, 3, 1, 3, 2, 5, 5, 3, 1, 2, 2, 3, 5, 5, 2, 5, 2, 2, 3, 1, 2, 2, 3, 1, 5, 1, 1, 2, 1, 3, 1, 2, 3, 5, 3, 1, 2, 1, 5, 1, 5, 3, 2, 2, 3, 1, 2, 5, 1, 3, 1, 1, 5, 5, 2, 3, 1, 3, 1, 2, 3, 1, 1, 5, 2, 3, 1, 5, 3, 1, 2, 2, 5, 2, 3, 1, 2, 3, 1, 5, 5, 5, 5, 3, 5, 3, 1, 1, 2, 5, 5, 2, 2, 3, 1, 2, 3, 5, 3, 5, 2, 5, 3, 1, 2, 5, 2, 2, 3, 1, 1, 2, 2, 3, 1, 3, 1, 2, 5, 1, 2, 3, 5, 2, 3, 5, 5, 1, 1, 5, 3, 1, 2, 2, 2, 5, 3, 5, 1, 3, 2, 2, 5, 3, 5, 3, 1, 2, 2, 1, 2, 5, 3, 1, 1, 3, 3, 1, 2, 2, 3, 3, 1, 2, 5, 2, 3, 1, 1, 3, 1, 1, 5, 1, 1, 1, 1, 5, 1, 2, 2, 2, 5, 2, 2, 5, 1, 2, 5, 5, 2, 2, 1, 2, 1, 2, 3, 1, 3, 1, 5, 1, 1, 2, 5, 2, 3, 1, 1, 1, 2, 3, 1, 3, 1, 2, 3, 1, 5, 5, 3, 1, 3, 1, 5, 2, 2, 5, 2, 2, 2, 1, 5, 2, 5, 2, 3, 1, 2, 5, 2, 5, 2, 5, 3, 3, 5, 2, 3, 1, 5, 2, 3, 5, 1, 2, 5, 2, 3, 3, 1, 1, 2, 3, 1, 3, 5, 3, 5, 1, 2, 1, 1, 2, 3, 1, 2, 2, 2, 5, 1, 2, 2, 2, 5, 2, 2, 2, 3, 1, 3, 1, 1, 1, 2, 2, 3, 1, 5, 2, 3, 1, 5, 3, 5, 1, 5, 5, 1, 1, 1, 2, 2, 3, 1, 3, 1, 3, 5, 1, 5, 3, 5, 2, 2, 3, 1, 1, 5, 3]
Time percentages: 
[0.3006993006993007, 0.2757242757242757, 0.23976023976023977, 0.0, 0.1838161838161838, 0.0]


State 3:

10 moves:
Path: [3, 1, 2, 3, 1, 2, 3, 1, 3, 1, 2]
Time percentages: 
[0.36363636363636365, 0.2727272727272727, 0.36363636363636365, 0.0, 0.0, 0.0]


50 moves:
Path: [3, 5, 1, 1, 3, 2, 3, 1, 3, 3, 5, 1, 3, 1, 5, 3, 1, 1, 3, 1, 3, 5, 3, 2, 3, 1, 2, 3, 1, 1, 2, 3, 1, 2, 5, 3, 1, 1, 1, 3, 1, 2, 1, 1, 3, 5, 1, 2, 1, 1, 3]
Time percentages: 
[0.4117647058823529, 0.13725490196078433, 0.3333333333333333, 0.0, 0.11764705882352941, 0.0]


100 moves:
Path: [3, 1, 2, 3, 1, 3, 1, 1, 2, 5, 1, 2, 3, 3, 3, 1, 3, 1, 2, 3, 1, 1, 1, 1, 2, 5, 3, 5, 2, 2, 3, 1, 2, 5, 1, 2, 5, 1, 2, 3, 1, 5, 2, 5, 2, 5, 3, 1, 2, 5, 2, 2, 5, 1, 2, 3, 1, 1, 2, 1, 3, 1, 2, 3, 2, 1, 2, 3, 1, 3, 1, 2, 3, 3, 5, 1, 5, 2, 3, 3, 1, 5, 2, 2, 5, 2, 3, 5, 2, 2, 2, 3, 1, 5, 2, 5, 2, 2, 2, 3, 1]
Time percentages: 
[0.27722772277227725, 0.31683168316831684, 0.2376237623762376, 0.0, 0.16831683168316833, 0.0]


1000 moves:
Path: [3, 1, 2, 5, 5, 5, 5, 1, 1, 3, 2, 5, 1, 1, 1, 5, 5, 1, 3, 1, 2, 5, 1, 2, 3, 1, 2, 3, 1, 1, 1, 1, 2, 3, 1, 2, 2, 2, 3, 1, 5, 1, 2, 2, 3, 5, 3, 5, 5, 3, 1, 2, 2, 3, 3, 1, 5, 1, 3, 5, 2, 2, 3, 3, 1, 1, 5, 2, 3, 1, 2, 5, 1, 1, 1, 2, 5, 2, 3, 1, 3, 2, 5, 1, 1, 2, 5, 5, 5, 2, 5, 3, 1, 2, 2, 3, 1, 3, 5, 2, 5, 2, 2, 2, 1, 1, 3, 1, 5, 2, 3, 5, 5, 2, 2, 3, 3, 1, 2, 3, 5, 1, 1, 5, 5, 3, 5, 5, 3, 3, 5, 2, 1, 3, 1, 3, 1, 2, 5, 2, 5, 2, 3, 1, 2, 3, 1, 3, 1, 5, 2, 5, 1, 3, 3, 3, 3, 3, 1, 3, 1, 2, 2, 3, 3, 1, 1, 5, 1, 2, 3, 1, 5, 2, 5, 2, 1, 3, 1, 1, 2, 3, 1, 1, 1, 2, 3, 1, 5, 3, 1, 2, 5, 5, 2, 2, 3, 2, 3, 5, 1, 3, 1, 5, 1, 2, 5, 2, 3, 1, 2, 1, 2, 3, 1, 2, 3, 1, 2, 2, 3, 1, 5, 3, 2, 5, 5, 2, 2, 3, 1, 3, 1, 2, 1, 2, 3, 1, 1, 5, 2, 2, 3, 1, 2, 3, 1, 2, 5, 1, 2, 3, 5, 5, 5, 3, 1, 2, 1, 1, 1, 5, 1, 2, 3, 1, 2, 5, 2, 3, 2, 3, 1, 2, 5, 1, 1, 5, 3, 5, 2, 2, 2, 3, 2, 3, 1, 5, 1, 5, 2, 1, 1, 1, 2, 2, 3, 1, 2, 2, 2, 5, 5, 1, 2, 3, 5, 3, 1, 5, 3, 1, 1, 1, 1, 2, 5, 3, 2, 3, 5, 2, 1, 2, 5, 1, 3, 1, 1, 2, 5, 2, 1, 2, 3, 1, 1, 1, 5, 2, 2, 2, 3, 3, 1, 2, 5, 1, 2, 3, 5, 2, 3, 5, 5, 5, 2, 3, 1, 1, 3, 1, 1, 2, 5, 3, 3, 1, 5, 1, 5, 1, 3, 1, 2, 2, 5, 5, 2, 5, 2, 3, 5, 2, 2, 3, 1, 3, 5, 3, 1, 1, 3, 5, 5, 1, 1, 1, 5, 2, 1, 3, 5, 3, 3, 5, 2, 5, 2, 5, 1, 1, 2, 2, 3, 1, 2, 2, 2, 5, 1, 2, 1, 2, 3, 1, 3, 1, 2, 5, 3, 1, 3, 1, 5, 1, 2, 2, 3, 1, 2, 2, 2, 3, 5, 1, 5, 2, 3, 1, 2, 3, 3, 1, 2, 1, 3, 5, 3, 1, 3, 1, 1, 5, 3, 5, 3, 2, 5, 2, 2, 3, 1, 1, 2, 5, 1, 2, 3, 2, 3, 1, 1, 2, 5, 5, 3, 1, 2, 3, 2, 3, 5, 2, 2, 3, 5, 2, 1, 1, 2, 3, 1, 1, 3, 1, 2, 2, 2, 3, 3, 5, 3, 1, 2, 2, 3, 5, 5, 1, 5, 2, 5, 3, 2, 5, 1, 2, 3, 5, 2, 3, 1, 3, 5, 1, 3, 1, 2, 3, 1, 3, 2, 3, 1, 1, 2, 2, 3, 1, 3, 1, 5, 5, 3, 1, 2, 3, 1, 3, 1, 5, 3, 5, 2, 1, 5, 1, 5, 3, 5, 2, 2, 3, 1, 5, 1, 2, 2, 3, 1, 2, 3, 1, 3, 1, 2, 3, 1, 2, 3, 5, 1, 2, 1, 2, 3, 5, 1, 2, 5, 5, 5, 3, 2, 3, 1, 2, 2, 1, 1, 1, 2, 1, 1, 5, 5, 3, 3, 3, 3, 1, 2, 3, 3, 1, 5, 3, 1, 3, 2, 5, 5, 3, 1, 2, 3, 1, 3, 1, 3, 5, 3, 1, 3, 1, 5, 5, 2, 3, 2, 2, 3, 5, 2, 3, 5, 3, 2, 5, 3, 1, 5, 1, 2, 3, 1, 5, 1, 2, 2, 5, 1, 2, 5, 1, 3, 5, 2, 5, 1, 3, 5, 2, 3, 1, 2, 3, 1, 3, 2, 3, 1, 2, 3, 1, 5, 1, 2, 5, 2, 3, 1, 1, 3, 5, 5, 3, 1, 2, 3, 1, 3, 1, 2, 3, 1, 3, 2, 5, 3, 1, 2, 3, 1, 3, 1, 5, 2, 2, 2, 2, 2, 3, 5, 2, 2, 5, 1, 1, 5, 2, 2, 3, 1, 1, 2, 2, 1, 2, 5, 3, 5, 5, 2, 2, 2, 2, 2, 5, 2, 3, 3, 5, 5, 2, 2, 3, 1, 2, 3, 1, 1, 5, 1, 3, 1, 5, 1, 2, 2, 3, 1, 2, 5, 5, 3, 1, 5, 3, 1, 3, 1, 5, 2, 3, 3, 1, 5, 1, 1, 5, 3, 5, 1, 2, 3, 1, 2, 2, 2, 3, 5, 3, 1, 2, 2, 5, 2, 2, 3, 1, 2, 2, 5, 5, 2, 2, 1, 2, 5, 2, 5, 2, 3, 1, 2, 3, 1, 3, 1, 5, 3, 5, 5, 1, 3, 2, 3, 1, 5, 3, 1, 3, 5, 3, 1, 5, 3, 1, 2, 3, 1, 2, 3, 1, 5, 1, 1, 2, 3, 3, 3, 5, 3, 5, 3, 5, 1, 1, 3, 2, 2, 5, 2, 5, 5, 3, 1, 2, 5, 1, 2, 3, 5, 5, 3, 1, 2, 3, 1, 5, 2, 3, 2, 5, 2, 2, 5, 1, 5, 1, 5, 2, 1, 2, 5, 2, 3, 1, 5, 5, 3, 5, 2, 3, 2, 3, 1, 1, 1, 1, 2, 1, 3, 1, 2, 2, 1, 5, 2, 3, 2, 2, 2, 3, 5, 3, 1, 1, 2, 2, 3, 1, 2, 2, 5, 2, 5, 2, 2, 5, 5, 3, 1, 1, 5, 3, 1, 2, 5, 2, 3, 1, 1, 1, 1, 3, 1, 2, 3, 5, 1, 5, 2, 1, 2, 3, 5, 1, 3, 3, 3, 1, 2, 3, 1, 2, 5, 5, 5]
Time percentages: 
[0.27672327672327673, 0.26873126873126874, 0.24275724275724275, 0.0, 0.21178821178821178, 0.0]


State 4:

10 moves:
Path: [4, 4, 6, 6, 4, 6, 4, 4, 4, 6, 4]
Time percentages: 
[0.0, 0.0, 0.0, 0.6363636363636364, 0.0, 0.36363636363636365]


50 moves:
Path: [4, 4, 4, 6, 4, 6, 4, 4, 6, 4, 4, 6, 4, 4, 4, 4, 6, 4, 4, 6, 6, 6, 4, 4, 4, 4, 6, 4, 4, 4, 4, 6, 4, 4, 4, 4, 6, 4, 4, 6, 4, 4, 6, 6, 4, 6, 6, 4, 6, 4, 6]
Time percentages: 
[0.0, 0.0, 0.0, 0.6470588235294118, 0.0, 0.35294117647058826]


100 moves:
Path: [4, 4, 4, 6, 4, 4, 4, 4, 4, 6, 6, 4, 6, 4, 4, 4, 4, 4, 4, 6, 4, 4, 6, 4, 4, 6, 6, 4, 4, 4, 4, 6, 4, 4, 4, 4, 4, 4, 4, 6, 4, 6, 6, 6, 4, 4, 4, 4, 6, 6, 6, 4, 4, 4, 6, 4, 6, 4, 4, 4, 4, 4, 4, 4, 4, 6, 4, 4, 4, 4, 6, 4, 6, 6, 4, 6, 4, 6, 6, 4, 6, 6, 4, 4, 6, 4, 6, 6, 6, 4, 6, 6, 4, 6, 4, 4, 4, 6, 4, 6, 6]
Time percentages: 
[0.0, 0.0, 0.0, 0.6336633663366337, 0.0, 0.36633663366336633]


1000 moves:
Path: [4, 4, 4, 4, 4, 6, 6, 6, 4, 6, 4, 4, 4, 4, 4, 4, 4, 4, 6, 6, 4, 4, 4, 4, 4, 4, 4, 6, 4, 4, 4, 6, 4, 6, 4, 4, 4, 4, 4, 4, 4, 4, 4, 4, 6, 4, 6, 6, 4, 6, 4, 4, 4, 6, 4, 6, 4, 4, 6, 4, 6, 4, 4, 4, 4, 4, 4, 6, 6, 6, 4, 4, 6, 6, 4, 6, 6, 4, 6, 6, 4, 4, 4, 6, 6, 4, 4, 4, 4, 6, 4, 4, 4, 6, 4, 4, 4, 6, 6, 4, 4, 6, 4, 4, 4, 4, 6, 4, 6, 4, 6, 6, 4, 4, 6, 6, 4, 4, 4, 4, 4, 4, 4, 4, 6, 4, 6, 4, 4, 6, 6, 6, 4, 6, 4, 6, 4, 4, 4, 4, 4, 4, 6, 4, 4, 4, 6, 4, 6, 6, 6, 4, 4, 6, 4, 4, 4, 4, 4, 4, 4, 4, 4, 4, 4, 4, 6, 6, 4, 4, 6, 4, 4, 6, 4, 6, 4, 4, 6, 6, 4, 6, 4, 4, 6, 4, 4, 4, 4, 4, 6, 4, 4, 6, 4, 4, 6, 6, 4, 4, 4, 4, 4, 4, 4, 4, 6, 4, 4, 6, 4, 4, 4, 6, 4, 4, 6, 4, 6, 4, 4, 4, 4, 4, 4, 6, 4, 6, 4, 6, 4, 6, 6, 4, 4, 4, 6, 4, 4, 4, 6, 4, 4, 6, 4, 4, 4, 4, 4, 6, 4, 6, 4, 6, 6, 4, 4, 4, 4, 6, 4, 6, 4, 6, 4, 4, 6, 4, 4, 6, 6, 6, 4, 4, 6, 6, 4, 6, 4, 6, 4, 6, 6, 4, 6, 6, 6, 6, 4, 6, 4, 4, 6, 4, 6, 4, 4, 6, 4, 4, 4, 4, 6, 4, 6, 4, 4, 6, 4, 6, 4, 6, 4, 4, 4, 4, 6, 4, 4, 6, 4, 6, 4, 4, 4, 4, 6, 4, 6, 4, 6, 6, 4, 6, 4, 6, 6, 4, 4, 4, 4, 6, 6, 4, 4, 6, 4, 6, 4, 4, 4, 6, 6, 6, 4, 6, 6, 4, 4, 6, 4, 4, 6, 4, 4, 4, 4, 6, 4, 6, 4, 4, 6, 4, 6, 6, 6, 4, 4, 4, 4, 4, 4, 4, 4, 6, 4, 4, 6, 6, 4, 4, 6, 4, 6, 4, 4, 4, 6, 6, 4, 6, 4, 4, 6, 4, 6, 4, 4, 4, 4, 4, 4, 4, 6, 4, 4, 6, 6, 6, 6, 4, 6, 4, 6, 4, 4, 4, 4, 4, 4, 4, 4, 6, 4, 4, 4, 4, 4, 4, 4, 6, 4, 6, 6, 4, 6, 4, 6, 4, 4, 6, 6, 4, 6, 6, 6, 4, 4, 4, 4, 4, 6, 6, 4, 4, 4, 6, 4, 4, 6, 4, 4, 6, 4, 6, 6, 6, 6, 4, 6, 4, 4, 6, 4, 6, 4, 6, 4, 6, 4, 4, 4, 6, 6, 6, 4, 4, 4, 6, 4, 6, 4, 4, 6, 4, 6, 6, 4, 4, 6, 6, 6, 4, 4, 4, 4, 4, 6, 6, 4, 6, 4, 4, 6, 4, 4, 4, 4, 4, 4, 6, 4, 4, 4, 4, 4, 4, 4, 4, 4, 4, 6, 6, 4, 4, 4, 4, 4, 4, 6, 4, 6, 4, 4, 6, 4, 4, 4, 4, 4, 6, 6, 4, 6, 4, 4, 4, 6, 4, 4, 4, 4, 6, 4, 6, 4, 4, 6, 6, 4, 4, 4, 6, 4, 4, 4, 4, 4, 6, 4, 4, 4, 4, 4, 6, 4, 4, 4, 6, 4, 4, 4, 4, 4, 4, 4, 4, 4, 4, 4, 4, 6, 4, 6, 4, 4, 4, 4, 4, 4, 6, 4, 4, 6, 6, 6, 4, 4, 6, 6, 4, 4, 4, 4, 6, 4, 4, 4, 4, 6, 4, 4, 6, 6, 4, 6, 4, 4, 4, 4, 4, 4, 6, 4, 4, 6, 4, 4, 4, 4, 6, 6, 4, 6, 6, 4, 4, 4, 6, 4, 6, 4, 6, 4, 6, 6, 4, 6, 4, 4, 4, 4, 4, 6, 4, 4, 4, 4, 4, 4, 6, 4, 4, 6, 4, 4, 6, 4, 6, 4, 4, 6, 4, 6, 6, 6, 6, 6, 4, 4, 6, 4, 6, 4, 6, 6, 4, 6, 4, 4, 4, 4, 6, 4, 4, 4, 6, 4, 4, 6, 6, 4, 6, 6, 6, 4, 4, 4, 4, 6, 4, 6, 4, 6, 4, 6, 4, 4, 4, 4, 4, 4, 4, 6, 4, 6, 6, 6, 4, 6, 6, 4, 6, 6, 4, 4, 4, 4, 4, 4, 4, 4, 4, 4, 6, 4, 6, 6, 4, 4, 4, 6, 6, 6, 4, 4, 6, 4, 4, 4, 4, 4, 4, 6, 4, 6, 6, 6, 4, 4, 6, 6, 4, 4, 4, 6, 4, 4, 6, 4, 4, 4, 4, 4, 6, 4, 6, 6, 4, 6, 4, 4, 4, 4, 4, 6, 4, 6, 4, 4, 6, 6, 4, 6, 6, 4, 4, 4, 4, 6, 6, 4, 4, 6, 4, 4, 6, 4, 4, 4, 4, 6, 4, 6, 4, 4, 6, 4, 6, 4, 4, 4, 4, 6, 6, 4, 4, 4, 6, 4, 6, 4, 6, 4, 4, 6, 4, 4, 4, 6, 6, 4, 6, 4, 6, 4, 4, 6, 6, 4, 4, 4, 4, 6, 4, 4, 4, 4, 6, 4, 6, 4, 6, 4, 4, 4, 4, 6, 4, 6, 6, 6, 4, 6, 4, 4, 4, 4, 6, 4, 6, 4, 4, 6, 4, 4, 4, 4, 6, 6, 4, 4, 4, 6, 6, 4, 4, 6, 4, 4, 6, 6, 4, 4, 4, 4, 6, 4, 4, 6, 4, 6, 4, 4, 6, 4, 4, 4, 4, 4, 4, 4, 4, 4, 4, 4, 6, 6, 4, 6, 4, 6, 4, 4, 4, 6, 4, 4, 6, 6, 4, 4, 4, 4, 6, 4, 4, 4, 4, 4, 4, 4, 4, 4, 6, 4, 4, 4, 6, 4]
Time percentages: 
[0.0, 0.0, 0.0, 0.6523476523476524, 0.0, 0.34765234765234765]


State 5:

10 moves:
Path: [5, 1, 3, 2, 3, 1, 2, 2, 3, 1, 5]
Time percentages: 
[0.2727272727272727, 0.2727272727272727, 0.2727272727272727, 0.0, 0.18181818181818182, 0.0]


50 moves:
Path: [5, 3, 2, 5, 2, 3, 1, 3, 5, 1, 2, 1, 2, 3, 5, 2, 3, 1, 2, 5, 5, 1, 2, 5, 3, 1, 2, 5, 5, 1, 5, 1, 3, 1, 5, 2, 5, 2, 3, 5, 3, 1, 3, 2, 2, 3, 3, 2, 5, 2, 5]
Time percentages: 
[0.19607843137254902, 0.27450980392156865, 0.23529411764705882, 0.0, 0.29411764705882354, 0.0]


100 moves:
Path: [5, 3, 1, 2, 2, 2, 3, 2, 3, 1, 2, 2, 3, 1, 1, 1, 2, 5, 1, 2, 5, 2, 3, 1, 5, 2, 3, 1, 2, 5, 1, 1, 2, 3, 1, 1, 2, 2, 2, 3, 5, 3, 2, 3, 5, 2, 3, 1, 3, 5, 3, 3, 3, 1, 5, 5, 2, 1, 3, 5, 3, 5, 2, 2, 2, 3, 1, 3, 3, 5, 1, 1, 1, 2, 3, 1, 3, 1, 1, 5, 1, 2, 3, 5, 5, 5, 2, 1, 1, 2, 3, 3, 1, 5, 1, 1, 1, 2, 3, 1, 2]
Time percentages: 
[0.297029702970297, 0.26732673267326734, 0.25742574257425743, 0.0, 0.1782178217821782, 0.0]


1000 moves:
Path: [5, 2, 5, 2, 3, 1, 1, 3, 1, 2, 2, 5, 3, 3, 1, 5, 5, 2, 2, 5, 3, 1, 5, 5, 5, 3, 1, 1, 1, 2, 2, 2, 2, 2, 5, 1, 1, 2, 3, 1, 2, 2, 3, 2, 1, 2, 2, 3, 3, 1, 1, 5, 2, 3, 5, 2, 3, 1, 2, 3, 1, 2, 2, 5, 3, 1, 3, 1, 2, 2, 3, 1, 2, 2, 3, 2, 3, 1, 1, 5, 2, 3, 1, 2, 5, 1, 2, 5, 1, 5, 1, 5, 1, 1, 3, 1, 1, 1, 2, 3, 1, 1, 2, 2, 3, 5, 2, 1, 1, 1, 2, 2, 3, 1, 1, 3, 3, 1, 2, 2, 3, 2, 3, 1, 5, 1, 1, 2, 2, 5, 2, 2, 5, 2, 2, 2, 3, 1, 1, 2, 3, 5, 3, 5, 1, 2, 2, 3, 1, 3, 1, 2, 3, 5, 3, 1, 3, 1, 2, 3, 5, 2, 3, 1, 2, 2, 5, 3, 2, 5, 2, 5, 5, 1, 2, 3, 1, 1, 2, 1, 2, 3, 1, 3, 1, 3, 1, 1, 1, 3, 2, 3, 1, 1, 3, 5, 3, 1, 3, 5, 1, 5, 2, 3, 1, 2, 5, 3, 5, 1, 3, 1, 3, 1, 5, 3, 5, 1, 5, 5, 5, 5, 2, 5, 5, 1, 5, 5, 3, 5, 2, 3, 1, 2, 3, 1, 1, 3, 1, 5, 1, 1, 3, 3, 1, 3, 1, 1, 3, 1, 2, 5, 1, 2, 5, 5, 2, 1, 2, 1, 3, 5, 3, 1, 2, 5, 5, 1, 1, 3, 1, 1, 3, 5, 2, 3, 5, 2, 5, 3, 1, 3, 1, 2, 5, 1, 3, 2, 3, 1, 2, 5, 3, 1, 2, 1, 5, 1, 3, 5, 2, 3, 1, 5, 3, 5, 3, 1, 2, 1, 2, 3, 1, 3, 1, 2, 5, 1, 2, 5, 2, 2, 2, 5, 3, 1, 2, 3, 1, 2, 2, 5, 3, 5, 3, 1, 1, 1, 1, 5, 1, 3, 1, 1, 1, 2, 3, 1, 1, 5, 1, 1, 5, 5, 1, 2, 3, 1, 3, 2, 5, 2, 3, 5, 5, 1, 3, 5, 1, 5, 3, 3, 2, 2, 2, 2, 2, 3, 5, 2, 3, 1, 3, 2, 5, 1, 2, 1, 5, 1, 2, 3, 2, 2, 2, 1, 3, 1, 2, 2, 5, 2, 3, 1, 3, 1, 5, 5, 5, 1, 1, 2, 2, 1, 5, 5, 1, 2, 2, 2, 5, 3, 3, 1, 2, 2, 1, 3, 1, 3, 1, 1, 1, 5, 1, 2, 3, 2, 3, 1, 5, 5, 3, 1, 2, 5, 1, 2, 3, 3, 1, 3, 1, 2, 2, 2, 2, 3, 1, 2, 1, 5, 1, 3, 2, 3, 1, 5, 5, 1, 3, 1, 2, 3, 1, 3, 2, 2, 2, 1, 2, 3, 2, 3, 1, 2, 3, 1, 2, 2, 2, 2, 1, 5, 5, 2, 5, 2, 3, 1, 3, 1, 5, 2, 3, 5, 5, 3, 3, 1, 2, 2, 3, 1, 1, 5, 2, 5, 1, 3, 1, 2, 3, 1, 2, 1, 2, 5, 3, 3, 5, 1, 2, 3, 1, 5, 1, 2, 1, 2, 2, 2, 5, 2, 5, 1, 5, 3, 1, 1, 3, 3, 1, 5, 1, 2, 1, 2, 5, 2, 3, 1, 1, 2, 5, 5, 2, 3, 2, 3, 1, 2, 1, 2, 3, 3, 1, 2, 3, 2, 5, 3, 5, 2, 5, 5, 3, 3, 2, 3, 1, 2, 2, 3, 5, 3, 1, 1, 1, 2, 3, 1, 3, 5, 3, 1, 3, 3, 1, 2, 5, 3, 1, 1, 5, 5, 3, 5, 3, 5, 3, 5, 3, 1, 2, 2, 5, 3, 2, 3, 1, 2, 2, 5, 3, 5, 5, 2, 3, 1, 5, 1, 5, 1, 1, 2, 2, 5, 1, 2, 5, 3, 1, 5, 3, 1, 3, 1, 1, 5, 1, 1, 2, 2, 3, 1, 2, 3, 1, 3, 5, 1, 2, 3, 1, 2, 3, 2, 2, 3, 1, 5, 1, 5, 2, 3, 1, 2, 3, 1, 5, 2, 3, 5, 1, 5, 2, 3, 1, 5, 2, 5, 1, 2, 5, 3, 2, 2, 3, 5, 5, 5, 5, 1, 3, 1, 1, 5, 1, 3, 5, 5, 5, 1, 2, 2, 1, 3, 1, 2, 5, 2, 3, 1, 3, 2, 2, 3, 1, 3, 5, 2, 3, 1, 3, 1, 2, 5, 1, 2, 2, 3, 3, 3, 5, 3, 1, 5, 2, 2, 3, 3, 1, 3, 1, 3, 1, 2, 2, 2, 2, 2, 3, 1, 3, 5, 2, 2, 2, 3, 2, 3, 1, 2, 3, 1, 5, 1, 3, 1, 2, 3, 5, 2, 2, 5, 5, 2, 5, 5, 3, 1, 5, 2, 5, 1, 5, 1, 5, 5, 2, 5, 1, 2, 3, 1, 2, 5, 2, 2, 3, 3, 2, 3, 1, 2, 2, 5, 1, 3, 2, 5, 5, 2, 3, 3, 1, 2, 2, 1, 2, 2, 2, 2, 2, 3, 1, 2, 3, 5, 3, 1, 2, 3, 3, 5, 3, 1, 2, 2, 5, 2, 3, 1, 3, 2, 2, 3, 1, 3, 2, 2, 3, 2, 3, 1, 2, 3, 2, 2, 2, 2, 3, 1, 5, 5, 2, 5, 1, 3, 5, 1, 2, 2, 3, 5, 5, 3, 1, 2, 2, 5, 5, 5, 1, 2, 3, 1, 2, 2, 2, 2, 3, 1, 2, 3, 2, 3, 1, 2, 5, 2, 5, 1, 1, 3, 1, 5, 1, 3, 1, 2, 3, 1, 1, 5, 5, 2, 3, 1, 2, 3, 1, 3, 5, 1, 2, 5, 1, 2, 3, 1, 5, 1, 2, 3, 1, 2, 3, 1, 1, 2, 2, 5, 5, 1, 2, 5, 2, 2, 5, 2, 2, 1, 2, 2, 3, 5, 2, 3, 1, 3, 1, 3, 1, 3, 2, 2, 2, 1, 2, 2, 3, 1, 2, 3, 3, 5, 1, 5, 2]
Time percentages: 
[0.27672327672327673, 0.2857142857142857, 0.23876123876123875, 0.0, 0.19880119880119881, 0.0]


State 6:

10 moves:
Path: [6, 6, 4, 6, 6, 6, 4, 4, 6, 4, 4]
Time percentages: 
[0.0, 0.0, 0.0, 0.45454545454545453, 0.0, 0.5454545454545454]


50 moves:
Path: [6, 4, 4, 4, 6, 4, 4, 4, 4, 6, 6, 4, 6, 4, 4, 6, 6, 4, 6, 4, 4, 4, 4, 4, 6, 4, 6, 4, 4, 4, 6, 6, 4, 6, 4, 4, 4, 4, 4, 6, 4, 4, 6, 4, 6, 4, 6, 4, 6, 6, 4]
Time percentages: 
[0.0, 0.0, 0.0, 0.6274509803921569, 0.0, 0.37254901960784315]


100 moves:
Path: [6, 4, 4, 4, 6, 4, 4, 6, 4, 4, 6, 4, 4, 4, 6, 6, 4, 6, 4, 4, 4, 4, 4, 4, 4, 4, 6, 6, 4, 4, 4, 4, 6, 4, 4, 4, 6, 4, 6, 4, 6, 4, 4, 6, 4, 4, 4, 4, 4, 6, 4, 6, 4, 6, 4, 4, 6, 4, 6, 4, 4, 4, 4, 4, 4, 6, 4, 4, 6, 6, 4, 4, 4, 4, 4, 4, 4, 4, 6, 6, 4, 4, 6, 4, 4, 4, 4, 4, 6, 4, 6, 4, 6, 4, 4, 6, 4, 6, 4, 6, 4]
Time percentages: 
[0.0, 0.0, 0.0, 0.693069306930693, 0.0, 0.3069306930693069]


1000 moves:
Path: [6, 6, 4, 4, 4, 4, 4, 4, 4, 6, 4, 4, 4, 6, 4, 4, 4, 4, 4, 6, 4, 4, 4, 6, 4, 6, 4, 6, 4, 6, 4, 4, 4, 6, 4, 6, 6, 4, 6, 6, 6, 6, 4, 4, 4, 4, 6, 4, 4, 4, 6, 4, 6, 4, 6, 4, 6, 6, 4, 4, 6, 4, 6, 4, 6, 4, 6, 4, 4, 4, 6, 4, 6, 4, 6, 4, 6, 6, 4, 4, 6, 4, 4, 4, 6, 6, 4, 4, 4, 4, 6, 4, 6, 6, 4, 4, 4, 4, 4, 4, 6, 4, 4, 4, 4, 6, 4, 6, 4, 6, 4, 4, 6, 4, 4, 4, 4, 4, 4, 4, 6, 6, 4, 6, 4, 6, 6, 6, 6, 6, 4, 4, 6, 4, 4, 6, 6, 4, 4, 6, 4, 4, 4, 6, 4, 4, 6, 4, 4, 4, 4, 6, 6, 4, 6, 4, 6, 4, 4, 6, 4, 4, 4, 6, 4, 4, 4, 4, 4, 4, 4, 6, 4, 4, 6, 4, 4, 6, 6, 4, 6, 4, 6, 6, 6, 4, 4, 4, 6, 4, 6, 4, 6, 4, 6, 4, 4, 4, 4, 6, 4, 4, 4, 4, 4, 6, 6, 4, 4, 6, 4, 4, 4, 6, 4, 6, 4, 6, 6, 4, 4, 4, 4, 6, 6, 4, 4, 6, 6, 6, 4, 6, 6, 6, 4, 4, 6, 6, 6, 4, 6, 4, 4, 6, 6, 4, 4, 6, 4, 4, 6, 4, 4, 4, 4, 4, 4, 4, 4, 4, 4, 4, 6, 6, 4, 4, 4, 6, 4, 4, 4, 6, 6, 6, 4, 4, 6, 4, 4, 6, 6, 4, 4, 4, 4, 4, 6, 4, 4, 6, 4, 4, 4, 6, 4, 6, 4, 4, 6, 6, 4, 4, 4, 4, 4, 4, 4, 4, 4, 4, 6, 4, 4, 4, 4, 4, 4, 4, 4, 4, 4, 6, 6, 4, 4, 4, 4, 6, 4, 6, 4, 4, 6, 4, 4, 6, 6, 4, 6, 6, 4, 4, 4, 6, 4, 6, 6, 4, 4, 4, 4, 6, 6, 4, 6, 4, 6, 4, 6, 6, 6, 4, 4, 4, 6, 6, 4, 4, 6, 4, 4, 4, 4, 6, 4, 6, 6, 4, 6, 4, 4, 4, 6, 4, 4, 6, 6, 6, 4, 6, 6, 4, 6, 4, 4, 6, 6, 6, 6, 4, 6, 4, 4, 6, 6, 6, 4, 4, 4, 6, 4, 6, 4, 4, 4, 6, 4, 4, 4, 4, 6, 4, 4, 4, 6, 4, 4, 6, 6, 4, 4, 6, 4, 6, 6, 4, 4, 4, 4, 4, 6, 6, 4, 6, 4, 4, 6, 4, 4, 4, 6, 4, 4, 4, 6, 4, 4, 6, 6, 4, 4, 4, 4, 6, 4, 4, 6, 4, 4, 4, 4, 4, 4, 4, 4, 6, 4, 6, 4, 4, 4, 4, 6, 4, 4, 4, 6, 6, 6, 4, 6, 4, 4, 4, 4, 4, 4, 6, 6, 4, 6, 4, 6, 6, 4, 4, 6, 6, 6, 6, 4, 4, 4, 4, 4, 6, 6, 4, 4, 6, 6, 4, 6, 6, 6, 4, 4, 4, 6, 6, 4, 6, 4, 4, 4, 4, 6, 4, 4, 6, 6, 4, 4, 6, 6, 4, 4, 4, 6, 4, 4, 4, 4, 6, 4, 6, 4, 6, 6, 4, 4, 6, 4, 6, 4, 4, 6, 6, 4, 4, 6, 4, 6, 6, 4, 6, 4, 4, 4, 6, 4, 4, 6, 4, 6, 4, 4, 6, 4, 6, 4, 6, 4, 6, 4, 6, 6, 4, 4, 4, 6, 4, 4, 6, 4, 6, 6, 6, 4, 6, 6, 4, 4, 4, 4, 4, 6, 6, 4, 4, 6, 6, 6, 4, 4, 6, 4, 4, 4, 4, 4, 4, 6, 4, 4, 4, 6, 4, 4, 4, 4, 6, 6, 4, 6, 4, 4, 4, 6, 4, 4, 6, 6, 6, 4, 6, 6, 4, 4, 4, 4, 6, 6, 6, 4, 4, 6, 4, 4, 6, 4, 4, 6, 4, 6, 6, 4, 4, 4, 6, 4, 4, 4, 4, 6, 4, 4, 4, 4, 4, 4, 4, 6, 4, 4, 4, 4, 4, 6, 4, 4, 6, 4, 4, 4, 6, 4, 4, 4, 6, 4, 4, 4, 6, 4, 6, 4, 6, 4, 6, 4, 4, 4, 4, 4, 4, 4, 4, 6, 4, 4, 6, 6, 4, 4, 6, 4, 4, 4, 4, 4, 4, 4, 6, 4, 4, 4, 6, 4, 4, 4, 6, 4, 4, 4, 4, 4, 4, 6, 4, 4, 4, 4, 4, 4, 6, 6, 4, 6, 4, 6, 4, 4, 6, 4, 4, 6, 4, 4, 4, 4, 6, 4, 4, 6, 6, 6, 4, 4, 6, 4, 6, 6, 4, 6, 6, 4, 6, 4, 4, 6, 4, 4, 6, 4, 4, 6, 6, 4, 6, 4, 4, 6, 4, 4, 6, 4, 6, 6, 4, 4, 4, 4, 4, 4, 6, 4, 6, 6, 4, 4, 6, 6, 6, 4, 6, 4, 4, 4, 6, 4, 4, 6, 4, 4, 6, 4, 6, 4, 4, 6, 4, 4, 4, 6, 4, 4, 4, 4, 4, 4, 6, 4, 4, 6, 6, 4, 6, 4, 6, 6, 4, 6, 4, 4, 6, 4, 6, 4, 4, 4, 4, 6, 4, 6, 4, 6, 4, 6, 4, 6, 4, 4, 6, 6, 6, 4, 6, 4, 4, 4, 4, 4, 6, 4, 6, 4, 6, 4, 4, 4, 6, 4, 4, 4, 4, 4, 6, 4, 4, 4, 4, 4, 4, 6, 6, 4, 6, 4, 6, 4, 6, 6, 4, 6, 4, 4, 4, 6, 4, 4, 4, 4, 4, 6, 4, 6, 6, 4, 6, 6, 4, 4, 6, 4, 6, 6, 4, 4, 4, 6, 4, 4, 6, 4, 4, 4, 6, 4, 4, 4, 6, 4, 4, 6, 6, 6, 4, 4, 4, 6, 4, 4, 4, 4, 4, 4, 4, 4, 4, 4, 4, 4, 4, 4, 4, 4, 4, 4, 6, 6]
Time percentages: 
[0.0, 0.0, 0.0, 0.6343656343656343, 0.0, 0.36563436563436563]


